gps_eastings_UTMzone17N,gps_northings_UTMzone17N,actual_DCAD,predicted_DCAD,prediction_diff
340657.36925,3832647.82625,24.85,21.2921218854,-3.55787811455
340658.857125,3832652.01375,8.67,16.2971283077,7.62712830766
340660.4055,3832656.37375,26.67,20.6652965772,-6.00470342283
340662.024125,3832660.58,19.78,18.2825374763,-1.49746252374
340663.54325,3832664.865,26.01,18.2850932387,-7.72490676133
340666.651625,3832673.62875,13.6,17.4070877458,3.80708774582
340668.227375,3832678.07375,16.84,17.5832796378,0.743279637807
340669.763625,3832682.4025,19.4,18.4237830336,-0.976216966357
340672.707375,3832690.71,18.56,17.827870434,-0.732129566037
340674.289625,3832695.1725,7.52,19.7844210038,12.2644210038
340675.80925,3832699.4575,20.53,16.7942248777,-3.7357751223
340677.24775,3832703.51,17.16,15.8571521194,-1.30284788063
340678.79225,3832707.8675,3.57,19.4287240364,15.8587240364
340681.877875,3832716.5725,4.86,17.7105529104,12.8505529104
340683.3845,3832720.81875,0.6,18.4978892635,17.8978892635
340684.892,3832725.07,7.51,16.2385300595,8.72853005953
340686.475125,3832729.535,28.51,15.4646809968,-13.0453190032
340688.06125,3832734.00875,17.47,16.9553586964,-0.514641303616
340689.573625,3832738.275,24.17,19.2596242736,-4.9103757264
340692.63525,3832746.90625,19.71,16.7830103289,-2.9269896711
340694.176375,3832751.25625,-2.84,15.1469492518,17.9869492518
340695.681125,3832755.5,12.66,15.9074874389,3.24748743891
340697.21225,3832759.815,17.22,16.3214269964,-0.898573003556
340698.702125,3832764.0175,19.98,18.5215856797,-1.45841432029
340700.151125,3832768.3325,17.78,18.1745373254,0.394537325374
340701.64,3832772.52375,19.37,15.1470932199,-4.22290678009
340703.117,3832776.6825,21.38,19.6700421489,-1.7099578511
340704.637625,3832780.96875,20.84,15.3749716468,-5.46502835316
340654.725375,3832648.66375,25.18,19.1707075865,-6.00929241347
340656.217,3832652.87,13.75,20.9058613213,7.15586132134
340657.762375,3832657.23,23.0,20.4203480408,-2.57965195924
340660.900375,3832665.6825,21.35,19.799547004,-1.55045299603
340662.434625,3832670.01375,26.1,19.6886524303,-6.41134756975
340663.976625,3832674.3675,21.47,21.2200344219,-0.249965578074
340667.087125,3832683.15875,15.81,19.7954176518,3.98541765182
340668.586375,3832687.39,13.17,18.8042876765,5.63428767654
340673.13775,3832700.2425,26.85,18.8744546658,-7.97554533422
340674.547,3832704.22,27.59,19.6247022636,-7.96529773637
340676.096625,3832708.6,18.11,18.8500507605,0.740050760453
340677.661,3832713.0175,16.65,19.4231699278,2.77316992779
340679.204,3832717.37625,22.94,18.1924198314,-4.74758016859
340680.714375,3832721.6425,22.2,17.4105780246,-4.78942197538
340682.21675,3832725.88375,12.03,19.1742189482,7.14421894823
340683.79,3832730.3275,18.48,19.8474038893,1.36740388927
340686.884375,3832739.06875,23.52,18.3348578768,-5.1851421232
340688.39225,3832743.32375,19.18,17.8282423312,-1.35175766878
340689.941,3832747.7,16.56,20.2232339954,3.66323399536
340691.471625,3832752.02375,19.25,19.2518589192,0.00185891924828
340692.984625,3832756.29625,12.62,19.9475518553,7.32755185528
340694.519125,3832760.63,24.56,20.6838502814,-3.87614971859
340695.998,3832764.80625,17.61,19.9320149659,2.32201496594
340697.447375,3832769.16,21.56,21.3686355367,-0.191364463312
340698.936375,3832773.35625,28.19,20.6346386322,-7.55536136779
340700.409625,3832777.5125,28.79,21.3551701677,-7.43482983228
340701.927625,3832781.79375,23.23,21.0875874342,-2.14241256582
340651.95625,3832649.77375,22.74,19.8594384353,-2.88056156468
340653.442375,3832653.96875,24.64,21.4787981165,-3.16120188354
340656.590875,3832662.60875,24.62,21.6001607453,-3.01983925474
340658.10975,3832666.89625,29.6,20.2074963819,-9.39250361806
340661.17275,3832675.55125,19.85,21.3817608927,1.53176089266
340662.762625,3832680.04125,16.65,21.1041885606,4.45418856059
340664.273125,3832684.315,28.41,21.3576700374,-7.05232996263
340665.77825,3832688.56625,22.63,20.5580309131,-2.07196908691
340667.282375,3832692.815,19.36,21.2342028037,1.87420280368
340670.33075,3832701.4225,22.86,15.3797570687,-7.48024293132
340671.75075,3832705.435,24.43,19.1634164058,-5.26658359415
340673.294,3832709.79625,20.23,20.9807274592,0.750727459192
340674.86025,3832714.225,19.02,19.2723396524,0.252339652417
340676.404125,3832718.5825,10.89,19.69118475,8.80118475003
340677.908375,3832722.835,10.2,17.2791438427,7.07914384274
340682.5475,3832735.93875,13.55,20.3479998622,6.79799986224
340684.071625,3832740.24625,18.11,19.7289405587,1.61894055866
340685.592,3832744.54,14.3,19.0509243422,4.7509243422
340687.1455,3832748.92875,22.26,18.3528584066,-3.90714159338
340688.662125,3832753.21375,26.64,18.2980881221,-8.34191187785
340690.158375,3832757.44,14.29,20.0544871979,5.76448719791
340691.69625,3832761.7875,20.98,20.1618736088,-0.818126391163
340693.194625,3832766.02,22.96,17.0054487277,-5.95455127233
340694.664375,3832770.335,19.98,20.5710602652,0.591060265188
340696.157125,3832774.54625,25.59,18.6634276799,-6.92657232005
340697.63675,3832778.7225,8.44,21.2398146545,12.7998146545
340699.155375,3832783.0125,22.69,15.7787747555,-6.9112252445
340649.202375,3832650.48125,15.38,21.0602438639,5.68024386393
340650.703625,3832654.72,20.41,19.7845636562,-0.625436343846
340652.245375,3832659.07375,17.4,20.6781789631,3.27817896308
340655.347125,3832667.5675,11.81,19.5699598875,7.75995988754
340656.876125,3832671.8875,21.38,23.3805485843,2.00054858429
340658.415125,3832676.2375,20.9,21.0251079944,0.125107994388
340661.513,3832685.0,19.17,18.5384513949,-0.631548605107
340663.015375,3832689.24125,9.73,19.97005029,10.24005029
340666.073875,3832697.88625,12.93,19.5525831411,6.62258314106
340667.573625,3832702.12625,20.77,18.1848637906,-2.58513620936
340668.995,3832706.14,18.79,19.3326933496,0.542693349638
340670.54075,3832710.51,16.11,16.2737170107,0.163717010698
340672.093875,3832714.9025,23.53,19.4009059033,-4.12909409669
340673.630375,3832719.24625,17.69,19.5347582252,1.84475822522
340675.140625,3832723.51375,19.18,20.0831441972,0.903144197163
340676.64525,3832727.7675,15.53,18.8714352531,3.34143525311
340678.215,3832732.2025,17.59,20.8069025242,3.21690252423
340679.781,3832736.63125,26.97,20.8693975177,-6.10060248227
340681.298625,3832740.92,14.11,18.3098402958,4.19984029578
340682.81225,3832745.1975,19.69,17.4101496171,-2.27985038289
340684.357,3832749.56375,20.94,16.9328262727,-4.00717372733
340685.885375,3832753.88375,26.03,15.7342855794,-10.2957144206
340687.402125,3832758.1725,23.75,19.3355667731,-4.41443322691
340688.935,3832762.50625,13.18,18.1807099641,5.00070996415
340690.416625,3832766.6925,7.06,19.5443998594,12.4843998594
340691.877375,3832771.0,27.81,19.0382295571,-8.77177044293
340693.370625,3832775.21375,9.55,13.9528903786,4.40289037863
340694.85,3832779.3925,21.38,17.992592704,-3.38740729599
340696.37,3832783.68375,24.37,16.5643278917,-7.80567210829
340646.2765,3832651.48875,26.69,20.9521863327,-5.73781366735
340647.78925,3832655.76375,19.88,18.1656872227,-1.71431277726
340649.328625,3832660.11,24.85,17.0143666932,-7.83563330677
340650.865375,3832664.29125,21.03,22.112771438,1.08277143801
340652.377625,3832668.565,2.66,17.8157236156,15.1557236156
340653.902,3832672.87375,24.46,16.9986742521,-7.46132574786
340655.423375,3832677.17375,26.93,20.3173597548,-6.61264024522
340657.00725,3832681.65125,21.21,16.4528185045,-4.75718149551
340658.562375,3832686.05,23.43,18.9090689538,-4.52093104624
340660.06425,3832690.2925,24.25,16.7868025748,-7.46319742523
340661.574875,3832694.56,23.7,19.2544289483,-4.44557105175
340663.155875,3832699.0275,18.89,19.6383235534,0.74832355341
340664.65625,3832703.27,8.09,19.0648114394,10.9748114394
340666.07375,3832707.2725,13.45,19.4974450939,6.04744509392
340667.621,3832711.6475,12.3,19.5684038303,7.26840383026
340669.16025,3832715.995,19.87,17.248965109,-2.62103489098
340670.666125,3832720.2525,22.36,18.9553804528,-3.40461954718
340672.171375,3832724.5075,5.96,13.0024505023,7.04245050225
340673.698875,3832728.8225,11.88,17.1210645705,5.24106457048
340675.271625,3832733.2675,22.23,18.4071137453,-3.82288625468
340676.821875,3832737.6525,26.48,21.2778904052,-5.20210959478
340678.371875,3832742.02875,22.95,15.6329519944,-7.31704800556
340679.882,3832746.29875,6.24,17.5297702369,11.2897702369
340681.397625,3832750.58125,19.31,17.3977615006,-1.91223849939
340682.926875,3832754.90375,12.37,14.1091591173,1.73915911727
340684.446125,3832759.1975,17.48,13.5687801537,-3.91121984629
340685.98325,3832763.5425,23.94,18.7347435736,-5.2052564264
340687.469,3832767.74125,19.65,19.2772406335,-0.372759366453
340688.943875,3832772.015,21.87,15.6319093472,-6.23809065285
340690.431625,3832776.21375,8.26,17.2278959,8.96789589998
340691.914,3832780.4025,20.71,21.4344261251,0.724426125073
340693.447625,3832784.735,20.44,19.5737368071,-0.86626319291
340643.636,3832652.24,25.05,20.0343290099,-5.01567099012
340645.150125,3832656.51875,11.64,18.9725252275,7.33252522754
340646.6925,3832660.8725,22.78,17.1552857809,-5.62471421912
340648.226125,3832665.0975,17.6,16.3417940388,-1.25820596124
340649.75225,3832669.41,18.2,15.2452879988,-2.95471200118
340651.287375,3832673.745,6.21,18.5707838382,12.3607838382
340652.852125,3832678.1675,24.22,18.9310763477,-5.28892365227
340654.455625,3832682.7,19.63,17.8770635904,-1.75293640956
340655.888875,3832686.7525,23.56,18.823439094,-4.73656090597
340657.397625,3832691.01375,18.27,20.4783036743,2.20830367428
340658.91425,3832695.2975,23.81,16.311645074,-7.49835492597
340660.460125,3832699.6675,20.04,19.1909534427,-0.849046557272
340661.97225,3832703.94,19.88,20.7763959327,0.89639593273
340663.41625,3832708.0175,16.76,17.7210915406,0.961091540591
340664.935,3832712.31375,26.28,18.8832499794,-7.39675002059
340666.48425,3832716.68625,2.94,20.5211509795,17.5811509795
340668.03375,3832721.06625,25.56,14.500176901,-11.059823099
340669.54275,3832725.33,28.89,19.4424163476,-9.44758365244
340671.04675,3832729.58,18.15,17.1233477426,-1.0266522574
340672.59575,3832733.9575,19.81,20.5708413558,0.760841355836
340674.152,3832738.35625,15.41,15.9814398475,0.571439847524
340675.687375,3832742.69125,26.3,18.3626796536,-7.93732034643
340677.20275,3832746.975,28.57,19.6453968249,-8.92460317508
340678.7355,3832751.30875,22.33,18.0305838201,-4.29941617986
340680.24925,3832755.58375,11.19,16.0399688694,4.84996886943
340681.799,3832759.96,17.27,18.0269598107,0.756959810738
340683.34025,3832764.3175,8.78,15.3516058071,6.5716058071
340684.823375,3832768.5075,-6.01,18.8776974266,24.8876974266
340686.320375,3832772.8125,18.96,16.583223355,-2.37677664495
340687.81475,3832777.03125,19.75,16.6215812506,-3.1284187494
340689.293625,3832781.2075,12.12,19.4660471464,7.34604714645
340690.804875,3832785.47875,20.57,15.7349128033,-4.83508719665
340640.976125,3832653.20375,29.86,21.0038252085,-8.8561747915
340642.502375,3832657.525,24.37,19.3224879858,-5.04751201423
340644.052625,3832661.91125,16.2,17.1376523581,0.937652358071
340645.566125,3832666.13875,-6.42,17.0060720638,23.4260720638
340647.087125,3832670.44375,17.38,19.7447660534,2.36476605345
340648.619625,3832674.7825,20.93,18.3849338785,-2.54506612152
340650.1365,3832679.07625,21.06,14.9653907172,-6.09460928279
340651.697,3832683.49125,27.01,19.5803488457,-7.42965115432
340653.214375,3832687.79,26.8,18.6327777798,-8.16722222019
340654.725,3832692.06375,14.1,16.7378592353,2.63785923526
340656.246625,3832696.37125,11.08,14.7721080095,3.69210800951
340657.7895,3832700.73625,19.87,18.7877030735,-1.08229692651
340659.2865,3832704.975,12.11,18.8019897159,6.6919897159
340660.7295,3832709.055,22.59,18.3867431988,-4.2032568012
340662.29025,3832713.475,23.09,12.4767937428,-10.6132062572
340663.821,3832717.81,4.86,19.9687465989,15.1087465989
340665.330125,3832722.0775,-10.67,19.8565465143,30.5265465143
340666.847875,3832726.37625,26.18,14.6692455586,-11.5107544414
340668.37075,3832730.6875,7.02,17.7343431272,10.7143431272
340669.939,3832735.1225,27.28,15.7499880221,-11.5300119779
340671.4645,3832739.44125,6.24,14.5956158556,8.35561585564
340672.968625,3832743.7,19.01,19.6096128879,0.599612887902
340674.511,3832748.065,6.37,17.5324711999,11.1624711999
340676.05175,3832752.425,15.1,19.9119757796,4.81197577963
340677.583875,3832756.76125,8.74,17.7466060071,9.00660600708
340679.118375,3832761.02667,6.04,10.3674217465,4.32742174648
340680.62775,3832765.3775,18.85,14.473835684,-4.37616431599
340682.091875,3832769.5225,20.71,17.1205836219,-3.58941637815
340683.581375,3832773.7775,22.5,15.6245113544,-6.87548864559
340685.078125,3832778.01625,25.52,17.2973175025,-8.22268249746
340686.5475,3832782.17125,27.77,15.8188784262,-11.9511215738
340688.069125,3832786.48125,19.28,16.993285544,-2.28671445598
340637.955,3832654.18375,20.1,20.5870866673,0.487086667294
340639.4715,3832658.47875,20.82,19.3887497542,-1.43125024578
340640.99,3832662.78,30.99,21.3075460517,-9.6824539483
340642.495875,3832667.0325,16.63,22.7887301284,6.15873012836
340644.03175,3832671.3825,23.96,17.0084895441,-6.95151045592
340645.535125,3832675.64,6.37,16.8522771839,10.4822771839
340647.059625,3832679.955,18.18,17.4315697501,-0.748430249866
340648.620375,3832684.37625,22.06,18.6265182662,-3.43348173384
340650.127625,3832688.645,27.79,16.5333500839,-11.2566499161
340651.645625,3832692.9425,15.73,17.4382754091,1.70827540909
340653.163875,3832697.2425,19.76,17.5911793962,-2.16882060381
340654.699875,3832701.59,22.93,20.5631721455,-2.36682785452
340656.2,3832705.8375,19.51,19.3035014858,-0.206498514249
340657.56575,3832709.7,24.02,14.8203922182,-9.19960778181
340659.14625,3832714.1825,-5.19,19.0414849148,24.2314849148
340660.722875,3832718.645,22.17,21.0471019776,-1.12289802235
340662.266375,3832723.01375,17.87,18.6922232125,0.822223212525
340663.786125,3832727.32,13.91,19.4270556446,5.51705564458
340665.282,3832731.5525,1.0,14.3236214409,13.3236214409
340666.843375,3832735.9775,21.15,14.210894469,-6.93910553101
340668.392125,3832740.35875,26.58,20.0647924362,-6.51520756376
340669.88575,3832744.58875,20.68,20.207465954,-0.472534045985
340671.3905,3832748.84875,12.87,15.7711695269,2.90116952688
340672.938,3832753.23375,22.86,19.1032639941,-3.7567360059
340674.485375,3832757.61375,28.74,16.999588368,-11.740411632
340676.015625,3832761.9475,27.31,20.1633836088,-7.14661639124
340677.5485,3832766.28875,-3.75,13.8772232354,17.6272232354
340679.03525,3832770.49875,20.76,18.5886458701,-2.17135412994
340680.513875,3832774.6975,15.92,10.386577565,-5.53342243498
340682.012875,3832778.94375,11.48,16.5240032249,5.04400322493
340683.5095,3832783.1825,20.38,13.70080423,-6.67919577003
340685.032125,3832787.49,20.49,10.1936027491,-10.2963972509
340635.399875,3832654.99125,14.97,17.3831657847,2.41316578465
340636.933375,3832659.34,27.54,21.7777744991,-5.7622255009
340638.472125,3832663.705,11.04,16.4717893194,5.43178931936
340639.949875,3832667.94875,26.8,18.5374938927,-8.26250610735
340641.477125,3832672.2775,23.33,14.6802737894,-8.64972621065
340642.987875,3832676.56375,28.78,18.1822475347,-10.5977524653
340644.519125,3832680.90625,12.83,20.175687775,7.34568777496
340646.084875,3832685.34625,28.27,18.284494295,-9.98550570501
340647.592875,3832689.625,29.62,18.9113223492,-10.7086776508
340649.10725,3832693.91875,26.35,14.8070677925,-11.5429322075
340650.636375,3832698.2575,26.27,19.7021476098,-6.56785239021
340652.169625,3832702.6025,1.56,19.6933691024,18.1333691024
340653.661,3832706.8325,24.07,20.1463311075,-3.92366889249
340655.1325,3832711.00875,14.88,20.0719034814,5.19190348139
340656.6615,3832715.34375,25.35,16.4901318443,-8.85986815566
340658.14875,3832719.56,21.35,16.5936829238,-4.75631707624
340659.686375,3832723.9225,18.8,17.4189320784,-1.38106792163
340661.231625,3832728.305,22.35,16.4591158744,-5.89088412562
340662.716625,3832732.51625,19.72,16.3256474353,-3.39435256469
340664.277,3832736.94125,21.85,16.8679293816,-4.98207061835
340665.84125,3832741.37625,0.71,15.2464583323,14.5364583323
340667.355875,3832745.67125,14.52,18.8560807249,4.33608072491
340668.878375,3832749.9925,28.83,18.5226887111,-10.3073112889
340670.395,3832754.29375,14.52,14.4274398295,-0.0925601705162
340671.911625,3832758.59375,27.88,16.6008672242,-11.2791327758
340673.438875,3832762.92625,10.09,13.7314644733,3.64146447331
340674.97825,3832767.29,-8.03,14.0211497791,22.0511497791
340676.464125,3832771.5075,-9.46,11.6934651853,21.1534651853
340677.929875,3832775.64,24.35,18.4898135418,-5.86018645822
340679.420875,3832779.87125,22.75,15.4450175391,-7.30498246087
340680.9095,3832784.095,8.97,13.0115499922,4.04154999225
340682.438,3832788.42875,9.21,13.4235234096,4.21352340963
340632.633,3832655.93875,26.85,21.3806481135,-5.46935188652
340634.163875,3832660.27875,17.83,17.8992824129,0.0692824129201
340635.693625,3832664.61625,33.6,16.4586363705,-17.1413636295
340637.157625,3832668.89,30.31,18.3790602515,-11.9309397485
340638.687875,3832673.22375,28.01,20.4048608864,-7.60513911362
340640.201,3832677.5125,22.25,16.8551383664,-5.3948616336
340641.731,3832681.84625,19.02,17.9663507786,-1.05364922143
340643.294,3832686.27625,7.65,20.6109034155,12.9609034155
340644.790625,3832690.52,7.78,18.0849402645,10.3049402645
340646.302625,3832694.8,22.39,20.1445612567,-2.24543874332
340647.833625,3832699.1375,14.17,17.5935458474,3.42354584743
340649.374375,3832703.50375,22.93,21.6864551804,-1.24354481963
340650.88125,3832707.7725,25.76,21.850830502,-3.909169498
340652.339,3832711.91,21.72,23.0542415499,1.33424154994
340653.87325,3832716.25,-5.59,17.5008878229,23.0908878229
340655.391,3832720.5525,17.78,15.561105874,-2.21889412595
340656.91,3832724.85625,23.14,17.7556389971,-5.38436100286
340658.419875,3832729.13375,-4.53,18.5617329474,23.0917329474
340659.93075,3832733.4175,14.26,16.8129494255,2.55294942552
340661.489375,3832737.8325,21.9,18.2875138337,-3.6124861663
340663.031,3832742.2,-5.84,18.4020884953,24.2420884953
340664.541125,3832746.48,11.51,15.7104299876,4.2004299876
340666.07275,3832750.8175,27.29,15.0680217471,-12.2219782529
340667.604,3832755.15625,26.23,15.1743650493,-11.0556349507
340669.126125,3832759.47,28.95,14.577843425,-14.372156575
340670.655625,3832763.8025,18.34,16.3721960849,-1.96780391508
340672.183,3832768.1325,15.6,13.3854851366,-2.21451486341
340673.672625,3832772.3525,8.35,17.1440208719,8.79402087191
340675.167625,3832776.52,19.72,14.296452011,-5.42354798898
340676.674,3832780.79125,27.42,18.9771926431,-8.44280735687
340678.171125,3832785.0375,8.31,10.3815829885,2.07158298852
340679.697375,3832789.36375,21.4,19.1667540385,-2.23324596151
340629.882625,3832656.90125,14.46,19.5942944889,5.13429448894
340631.42475,3832661.27375,29.5,19.985471789,-9.51452821104
340632.94275,3832665.5825,12.34,16.6645982665,4.32459826645
340634.385875,3832669.81125,15.93,16.3335295724,0.403529572388
340635.932,3832674.1975,22.59,21.7147417355,-0.875258264523
340637.455625,3832678.515,23.02,18.1422819161,-4.87771808389
340638.984375,3832682.8475,24.8,14.6148539657,-10.1851460343
340640.526625,3832687.22125,29.21,14.3830079271,-14.8269920729
340642.012375,3832691.435,17.94,17.7303759229,-0.209624077133
340643.53675,3832695.75375,18.11,18.8591842496,0.749184249569
340645.064625,3832700.085,24.89,17.9573295159,-6.93267048408
340646.598625,3832704.4325,25.18,18.384985352,-6.79501464798
340648.12275,3832708.75375,21.53,12.3575357595,-9.17246424053
340649.57025,3832712.86,-11.58,15.8178230064,27.3978230064
340651.0775,3832717.13,18.69,14.2162564033,-4.47374359666
340652.61875,3832721.495,21.18,20.6219350623,-0.558064937654
340654.148375,3832725.8325,28.94,15.3039603434,-13.6360396566
340655.6605,3832730.12,10.39,16.6749765146,6.28497651459
340657.16625,3832734.39,17.34,14.9527200489,-2.38727995106
340658.72775,3832738.815,26.25,19.800303357,-6.44969664298
340660.263875,3832743.16875,0.48,15.2359329802,14.7559329802
340661.764375,3832747.42125,13.97,16.5875805891,2.61758058911
340663.30175,3832751.77625,29.68,19.5709929122,-10.1090070878
340664.83525,3832756.1275,2.29,14.872366196,12.582366196
340666.353,3832760.43125,23.99,15.3994709459,-8.59052905408
340667.888625,3832764.7825,17.16,19.8321657346,2.67216573458
340669.43025,3832769.15,16.28,14.2400189591,-2.03998104088
340670.897,3832773.30875,13.0,12.8874184229,-0.112581577088
340672.388375,3832777.4575,1.8,13.8601274649,12.0601274649
340673.901375,3832781.75125,30.66,18.1269144226,-12.5330855774
340675.39175,3832785.9775,-0.52,16.0198933349,16.5398933349
340676.917125,3832790.305,21.51,17.2997103512,-4.21028964878
340627.53225,3832657.50625,28.49,19.5111015631,-8.97889843687
340629.068375,3832661.875,13.62,16.70390685,3.08390685002
340630.598625,3832666.225,10.92,19.3111607853,8.39116078529
340632.05525,3832670.565,17.84,24.1251905368,6.28519053683
340633.590625,3832674.9275,23.21,18.0288183053,-5.1811816947
340635.089375,3832679.185,22.48,21.4408693667,-1.03913063329
340636.611625,3832683.51125,7.21,20.9685091393,13.7585091393
340638.169,3832687.93375,26.09,19.1319127687,-6.95808723129
340639.659375,3832692.17,18.92,18.8771672617,-0.0428327382769
340641.182875,3832696.49875,25.36,21.9562316627,-3.40376833733
340642.739125,3832700.92,25.98,20.8207494674,-5.15925053259
340644.263,3832705.25,26.62,22.0545843126,-4.5654156874
340645.754,3832709.485,1.97,17.3232582809,15.3532582809
340647.22075,3832713.655,24.52,18.9253029887,-5.59469701131
340648.73525,3832717.95625,26.27,22.9016908111,-3.36830918894
340650.2285,3832722.19875,14.3,19.278193749,4.97819374904
340651.735125,3832726.47625,17.12,18.5291260763,1.40912607626
340654.779,3832735.125,22.77,21.9702019542,-0.799798045845
340656.331875,3832739.5375,24.85,18.8968790557,-5.95312094429
340657.874,3832743.91875,22.41,19.2903224602,-3.11967753984
340659.345875,3832748.0975,13.4,17.1729795286,3.77297952864
340660.87925,3832752.4575,21.32,15.622476827,-5.69752317304
340662.41725,3832756.82875,26.97,19.1646385788,-7.80536142119
340663.910625,3832761.06875,21.61,14.1630688324,-7.44693116762
340665.424125,3832765.37,14.62,14.4084536923,-0.211546307737
340666.945125,3832769.69125,12.83,16.8383905205,4.00839052049
340671.491375,3832782.49625,2.87,10.4272783037,7.55727830372
340672.9935,3832786.7675,24.81,19.8912482674,-4.91875173262
340674.523375,3832791.11875,5.29,14.0017428015,8.7117428015
340624.234125,3832658.58875,18.56,19.7903253791,1.23032537915
340625.7845,3832662.98875,23.44,17.4004650545,-6.03953494546
340627.303,3832667.29875,34.69,23.5176073374,-11.1723926626
340628.728875,3832671.58625,30.52,21.6856388228,-8.83436117722
340630.27925,3832675.9825,6.05,18.994971554,12.944971554
340631.779875,3832680.23875,16.01,19.8258957171,3.81589571714
340633.286875,3832684.515,32.48,20.2597241987,-12.2202758013
340634.842125,3832688.92375,17.04,20.11203394,3.07203393998
340636.346375,3832693.195,17.53,20.6050830568,3.07508305679
340637.867625,3832697.505,3.5,19.5168331982,16.0168331982
340639.41575,3832701.8975,27.27,18.9258329533,-8.34416704667
340640.946125,3832706.23625,17.31,19.8311889525,2.5211889525
340642.45775,3832710.5275,11.05,21.4071385452,10.3571385452
340643.94725,3832714.7525,8.15,20.4440230309,12.2940230309
340645.47175,3832719.0725,24.55,19.5508500466,-4.99914995342
340646.977875,3832723.3475,27.8,20.9243863915,-6.87561360849
340648.488125,3832727.63,10.92,19.7953669608,8.87536696083
340649.986625,3832731.87875,29.99,21.7218019326,-8.2681980674
340651.487375,3832736.135,6.83,18.1061644708,11.2761644708
340653.05175,3832740.575,27.49,20.8418735086,-6.64812649141
340654.60175,3832744.97125,10.48,16.6561162349,6.17611623487
340656.089625,3832749.19125,29.55,14.9729415013,-14.5770584987
340657.6235,3832753.54,27.87,16.6778024533,-11.1921975467
340659.15425,3832757.88375,32.16,14.8983870009,-17.2616129991
340660.661875,3832762.15875,9.22,15.8023897291,6.58238972915
340662.201375,3832766.525,28.95,20.0445252513,-8.90547474868
340663.73025,3832770.8625,15.37,16.9949547118,1.62495471178
340666.738375,3832779.2525,22.21,13.8026782466,-8.40732175336
340668.270625,3832783.60625,8.11,16.2861971747,8.17619717471
340669.75875,3832787.8325,14.41,14.7693421032,0.359342103214
340671.285125,3832792.16375,-1.12,14.4171143988,15.5371143988
340621.4805,3832659.50875,13.89,18.774460558,4.88446055801
340623.016125,3832663.86875,23.58,19.9890646363,-3.59093536368
340624.525375,3832668.155,24.37,20.0151808941,-4.35481910595
340625.950625,3832672.4975,-4.54,17.7550850658,22.2950850658
340627.499875,3832676.89125,9.51,16.2138626691,6.70386266915
340628.994,3832681.13,21.08,20.8049261762,-0.275073823752
340630.51275,3832685.43625,27.96,18.4696455871,-9.49035441288
340632.074375,3832689.86625,20.32,21.2937509092,0.973750909228
340633.540375,3832694.025,18.72,16.3194584164,-2.40054158355
340635.0685,3832698.35875,18.71,21.0476552969,2.33765529692
340636.645375,3832702.82875,12.77,16.926752312,4.15675231201
340638.184375,3832707.1925,25.8,17.4036755324,-8.39632446759
340639.71675,3832711.5425,21.6,19.2741358053,-2.32586419467
340641.08625,3832715.4275,23.71,22.4208178186,-1.28918218141
340642.62875,3832719.8025,21.42,19.696258195,-1.72374180503
340644.16825,3832724.165,20.19,19.3281316755,-0.861868324486
340645.693,3832728.49125,27.83,20.0672467983,-7.76275320173
340647.192625,3832732.745,22.25,18.5580657789,-3.69193422114
340648.6705,3832736.935,20.11,18.1137640386,-1.99623596135
340650.218,3832741.32375,8.49,16.3835259893,7.89352598934
340651.772625,3832745.73375,22.05,17.5381327891,-4.51186721092
340653.279875,3832750.00625,5.06,17.2553177852,12.1953177852
340656.31525,3832758.61625,14.44,16.1540243622,1.71402436222
340657.872875,3832763.03625,25.48,14.8297266729,-10.6502733271
340660.93475,3832771.72,29.14,19.5506570965,-9.58934290351
340662.431625,3832775.96375,-22.25,21.727329204,43.977329204
340663.912875,3832779.9875,23.89,16.5484233116,-7.34157668837
340665.419375,3832784.26875,9.85,15.1820523601,5.3320523601
340666.954,3832788.6275,23.51,19.7041210492,-3.80587895075
340668.4875,3832792.9825,22.93,12.2992680142,-10.6307319858
340618.7585,3832660.45625,18.67,23.375728892,4.70572889201
340620.315125,3832664.88,27.59,20.6248039991,-6.96519600086
340621.827625,3832669.1775,27.31,23.279619506,-4.03038049401
340623.205125,3832673.43125,29.75,20.6653756492,-9.08462435078
340624.725625,3832677.7475,24.55,16.8965435959,-7.65345640406
340626.198625,3832681.93,30.7,23.861996097,-6.83800390302
340627.723625,3832686.26,27.39,22.057976727,-5.33202327302
340629.3,3832690.73625,22.55,18.7844990685,-3.76550093145
340630.808125,3832695.02,20.39,19.725002594,-0.664997406002
340632.313875,3832699.29125,26.3,18.1187607686,-8.18123923137
340633.839125,3832703.625,14.87,18.7713414671,3.90134146709
340635.340375,3832707.8875,19.03,17.3992474575,-1.63075254245
340636.861,3832712.205,27.93,20.5259652032,-7.40403479679
340638.37475,3832716.505,28.09,21.5842575635,-6.50574243653
340639.8745,3832720.76125,26.69,20.9455789487,-5.74442105132
340641.352,3832724.955,4.72,15.3201813215,10.6001813215
340642.852875,3832729.215,12.81,18.3644364286,5.55443642857
340644.363125,3832733.5025,27.25,21.3729097869,-5.87709021314
340645.885,3832737.825,8.31,20.2568796432,11.9468796432
340647.443625,3832742.2475,11.32,14.5175796441,3.19757964407
340648.97425,3832746.59625,28.96,21.125025299,-7.83497470103
340650.489375,3832750.8975,26.27,15.8921041051,-10.3778958949
340652.0315,3832755.275,15.3,16.4630676622,1.16306766221
340653.53,3832759.53,21.75,15.4075090048,-6.34249099519
340655.017375,3832763.75125,1.1,17.5043262263,16.4043262263
340656.56675,3832768.1525,22.97,17.7862628479,-5.18373715211
340658.10225,3832772.5125,15.15,15.1024277535,-0.0475722465282
340659.613625,3832776.8025,22.75,20.3796158382,-2.37038416183
340661.128625,3832780.90125,-2.54,12.7234531388,15.2634531388
340662.62325,3832785.15625,13.29,15.9972384816,2.70723848163
340664.142625,3832789.4725,26.09,19.6858597654,-6.40414023459
340665.680375,3832793.84625,16.57,12.5110658069,-4.05893419307
340616.063625,3832661.39375,28.83,22.7702929969,-6.05970700314
340617.624,3832665.83625,21.73,22.7140495733,0.984049573289
340619.142,3832670.15625,15.07,23.1697880827,8.09978808273
340620.484625,3832674.4975,29.74,20.5967691302,-9.14323086981
340622.028,3832678.8825,15.29,16.790214598,1.50021459805
340623.525625,3832683.13625,19.04,15.9624084247,-3.07759157528
340625.046625,3832687.45625,24.71,21.8249881596,-2.88501184036
340626.593625,3832691.85,17.13,18.1250948999,0.995094899932
340628.068,3832696.04,24.99,18.6421122914,-6.34788770862
340629.59,3832700.36,12.83,22.2081612603,9.37816126028
340631.148375,3832704.7875,26.04,19.6057826391,-6.43421736085
340632.675125,3832709.12375,23.36,22.7282188862,-0.631781113795
340634.18875,3832713.4225,20.53,20.4665232185,-0.0634767815135
340635.683,3832717.67,2.99,23.3175425619,20.3275425619
340637.205625,3832721.99,17.8,18.5969704142,0.796970414234
340638.688,3832726.2025,32.87,19.2535028484,-13.6164971516
340640.189625,3832730.4675,25.3,20.7689659357,-4.53103406434
340641.699,3832734.75625,27.65,23.0989781505,-4.5510218495
340643.21625,3832739.0625,7.88,17.5673698117,9.68736981175
340644.764,3832743.4625,25.08,15.6369720066,-9.44302799343
340646.281,3832747.77,19.35,18.8245478445,-0.525452155458
340647.784,3832752.03875,18.71,19.0334713426,0.323471342591
340649.33275,3832756.4375,16.51,19.6293410541,3.11934105407
340652.367,3832765.05625,26.6,11.7306881164,-14.8693118836
340653.908875,3832769.43625,20.72,15.8448581037,-4.87514189627
340655.43,3832773.75625,-15.05,17.2995118156,32.3495118156
340656.929,3832778.0125,-1.84,18.1376697175,19.9776697175
340658.457625,3832782.05,-2.98,20.7121552509,23.6921552509
340659.977375,3832786.37,5.69,13.0421847566,7.35218475656
340661.493,3832790.6825,22.98,18.6113307437,-4.36866925628
340663.024375,3832795.04375,-16.79,11.778880787,28.568880787
340613.23575,3832662.39625,26.64,18.6819321764,-7.95806782363
340614.796375,3832666.8475,0.16,19.0416748839,18.8816748839
340616.304125,3832671.15,6.89,17.6717897915,10.7817897915
340617.650875,3832675.42875,16.77,17.5286706516,0.758670651569
340619.187375,3832679.80625,24.25,21.7694241253,-2.48057587467
340620.686375,3832684.0725,24.53,22.1079443169,-2.42205568308
340622.216,3832688.43,21.73,19.2883460145,-2.44165398554
340623.75,3832692.79875,-4.66,18.1085993458,22.7685993458
340625.220125,3832696.9875,17.25,18.1246253004,0.874625300387
340626.743125,3832701.32375,17.76,16.1003518655,-1.6596481345
340628.271125,3832705.675,12.17,16.4788344775,4.30883447754
340629.78525,3832709.9875,25.48,21.7598056155,-3.72019438455
340631.33475,3832714.4,28.71,22.8693546226,-5.84064537743
340632.895,3832718.8475,24.02,15.9888846233,-8.03111537673
340634.4145,3832723.175,11.78,18.6616697706,6.88166977065
340635.84725,3832727.25375,24.0,19.7377403167,-4.26225968329
340637.315125,3832731.43375,12.65,17.0587001325,4.40870013245
340638.805625,3832735.68,14.8,15.7636543221,0.963654322075
340640.33175,3832740.02625,25.74,19.5924613647,-6.14753863525
340641.882375,3832744.4425,27.56,15.2450997663,-12.3149002337
340644.821875,3832752.81125,9.99,13.8033558808,3.8133558808
340646.4035,3832757.31625,6.82,13.8511859747,7.0311859747
340647.97725,3832761.80125,27.4,21.2399760614,-6.16002393861
340649.515375,3832766.18375,19.96,15.6568409382,-4.30315906177
340651.044625,3832770.5375,3.3,20.1711596205,16.8711596205
340652.5265,3832774.7575,5.43,14.6311958757,9.20119587573
340654.004125,3832778.96625,33.46,15.2404751663,-18.2195248337
340655.521625,3832783.03,24.9,19.7844652376,-5.11553476241
340657.052125,3832787.39375,18.55,16.0769986921,-2.4730013079
340658.55675,3832791.685,9.44,13.9396318323,4.49963183232
340660.073125,3832796.0125,-30.77,17.2010886669,47.9710886669
340610.547125,3832663.24375,16.22,17.3160208325,1.09602083254
340612.118125,3832667.71875,18.25,16.9387429589,-1.31125704114
340613.646,3832672.0675,9.76,17.6635563089,7.90355630889
340614.965625,3832676.32125,11.62,19.699083577,8.07908357699
340616.48875,3832680.6525,27.02,17.1749285635,-9.84507143653
340617.996625,3832684.9375,-8.75,16.6838386078,25.4338386078
340619.537875,3832689.32125,11.22,16.7615752009,5.54157520087
340621.106625,3832693.77875,13.62,20.0843418954,6.46434189537
340622.555875,3832697.9,-4.72,17.5654049292,22.2854049292
340624.027,3832702.07875,26.12,15.6343328316,-10.4856671684
340625.605375,3832706.57,30.86,20.4484302441,-10.4115697559
340627.147625,3832710.95375,13.48,19.1258915257,5.6458915257
340628.64725,3832715.21625,5.88,18.9078291539,13.0278291539
340630.185,3832719.59,12.22,16.0926808716,3.87268087162
340631.71875,3832723.94875,19.41,23.2846654113,3.87466541127
340633.173875,3832728.085,2.48,17.8236317171,15.3436317171
340634.65825,3832732.305,15.52,18.1856608841,2.66566088411
340636.123875,3832736.47,-4.32,16.2860650025,20.6060650025
340637.669375,3832740.865,18.8,16.7497902284,-2.05020977157
340639.241,3832745.3325,14.86,20.2465513004,5.38655130038
340640.75175,3832749.62625,2.61,15.5139266146,12.9039266146
340642.245375,3832753.87,12.05,16.4233723842,4.37337238423
340643.80725,3832758.3125,24.38,22.1663954381,-2.21360456187
340645.3425,3832762.67625,25.83,23.049350229,-2.78064977101
340646.855875,3832766.97875,11.21,15.8108261292,4.60082612922
340648.389875,3832771.34,23.62,20.3373770062,-3.28262299379
340649.91325,3832775.67,20.04,17.217899103,-2.82210089704
340652.928375,3832783.9475,33.11,15.1701689447,-17.9398310553
340654.479125,3832788.35875,5.75,14.9157079287,9.16570792875
340655.99875,3832792.69125,25.21,19.6850921707,-5.5249078293
340657.538625,3832797.07375,19.41,8.74559821884,-10.6644017812
340607.779,3832664.17125,17.63,18.2219377614,0.591937761421
340609.35375,3832668.65875,21.58,20.3427531834,-1.2372468166
340610.868875,3832672.98125,30.19,18.8023947463,-11.3876052537
340612.205625,3832677.325,28.68,21.255473,-7.42452699999
340613.753125,3832681.73,26.47,20.801384108,-5.66861589202
340615.2385,3832685.955,29.22,16.6736967247,-12.5463032753
340616.778375,3832690.3375,17.84,19.7815527819,1.94155278193
340618.323625,3832694.73375,22.79,19.904046084,-2.88595391596
340619.778375,3832698.8725,27.47,22.1177558246,-5.35224417542
340621.287375,3832703.165,24.93,19.5957176304,-5.33428236962
340622.86475,3832707.6525,15.54,13.6106285644,-1.92937143558
340624.396625,3832712.01,24.97,20.2286946446,-4.74130535536
340625.90075,3832716.29,24.64,22.6454979837,-1.99450201632
340627.42075,3832720.615,24.1,20.8898484521,-3.21015154793
340628.9315,3832724.91,27.11,21.5531622297,-5.55683777033
340630.395,3832729.075,24.14,21.661107419,-2.47889258105
340631.888375,3832733.32375,25.34,18.1557516076,-7.18424839241
340633.418375,3832737.67875,23.56,22.1469840136,-1.41301598644
340634.9465,3832742.025,27.44,23.2714579339,-4.16854206607
340636.462125,3832746.33875,30.87,18.7449506529,-12.1250493471
340637.95825,3832750.59125,16.62,20.692523446,4.07252344598
340639.458375,3832754.86125,32.96,22.872084765,-10.087915235
340641.01425,3832759.2875,15.03,17.3909236442,2.3609236442
340642.52075,3832763.575,6.33,16.2442269634,9.91422696342
340644.036125,3832767.88625,19.01,17.55723182,-1.45276817996
340645.585875,3832772.295,24.54,18.3415597246,-6.1984402754
340647.09425,3832776.585,3.78,15.9389613235,12.1589613235
340648.617,3832780.9175,27.82,18.6988415257,-9.12115847428
340650.159625,3832784.9875,19.69,21.6046524615,1.91465246151
340651.685875,3832789.33625,7.68,13.5888485777,5.90884857767
340653.209625,3832793.6825,32.51,15.197281691,-17.312718309
340654.72975,3832798.01,31.97,13.1366885726,-18.8333114274
340605.045625,3832665.13125,9.69,17.0602431971,7.37024319712
340606.630375,3832669.6475,28.61,21.6517965209,-6.95820347912
340608.150375,3832673.9825,12.62,15.2702801223,2.65028012228
340609.4685,3832678.33625,20.92,19.1178495969,-1.80215040309
340611.022125,3832682.75625,25.63,17.6730421168,-7.95695788321
340612.509625,3832686.98875,15.53,19.8264949436,4.29649494358
340614.016625,3832691.27875,25.26,17.5148382943,-7.74516170573
340616.998875,3832699.765,26.5,21.8033405596,-4.69665944039
340618.518,3832704.08625,18.67,18.8322925425,0.16229254245
340620.100375,3832708.585,24.95,17.1295110423,-7.82048895771
340621.615375,3832712.8975,26.16,16.5179095889,-9.6420904111
340623.125625,3832717.195,22.32,19.5012036829,-2.81879631714
340624.6535,3832721.5425,13.08,19.2052866793,6.1252866793
340626.1835,3832725.8975,22.46,18.2790656331,-4.18093436693
340627.64125,3832730.045,19.91,19.7249421696,-0.185057830446
340629.127875,3832734.2725,16.65,18.0895282313,1.43952823128
340630.627125,3832738.54,20.71,17.2273122732,-3.48268772681
340632.1465,3832742.8625,24.27,21.6781105952,-2.59188940481
340633.69625,3832747.27,8.17,17.9176222343,9.74762223433
340635.190125,3832751.51875,24.63,19.3221774978,-5.30782250219
340636.701375,3832755.81875,27.16,17.0868221031,-10.0731778969
340638.263,3832760.26375,21.42,21.0680794792,-0.351920520778
340639.77275,3832764.56125,15.06,16.7549873921,1.69498739206
340641.294625,3832768.88875,21.03,16.7932741458,-4.23672585424
340642.834375,3832773.27,-2.74,14.4415795922,17.1815795922
340644.344,3832777.56625,24.8,19.684824117,-5.11517588304
340645.861375,3832781.88375,4.19,21.3076486308,17.1176486308
340647.391875,3832785.8825,25.84,20.8816213138,-4.95837868621
340650.44125,3832794.5775,16.61,18.7244125148,2.11441251481
340651.993875,3832799.00375,26.6,15.8456167104,-10.7543832896
340606.530125,3832679.2425,30.13,21.6207833398,-8.5092166602
340608.10625,3832683.705,23.9,22.8721171278,-1.02788287224
340609.595375,3832687.9175,25.32,23.6540186637,-1.66598133635
340611.088,3832692.145,17.27,18.6336064388,1.36360643884
340612.628125,3832696.50375,28.0,22.3834741756,-5.61652582445
340614.112375,3832700.7025,24.22,21.913272937,-2.30672706304
340615.668875,3832705.10625,25.83,22.3971672848,-3.43283271516
340617.252125,3832709.585,14.29,23.8097396707,9.51973967071
340618.78075,3832713.91375,17.33,23.6567017925,6.32670179249
340620.303,3832718.2225,18.89,20.2813667649,1.39136676487
340621.81575,3832722.505,20.42,21.1331861634,0.713186163419
340623.33925,3832726.81875,20.58,21.3211912638,0.741191263831
340624.8045,3832730.965,15.16,21.117245638,5.95724563801
340627.81625,3832739.4875,21.67,21.7121089823,0.042108982316
340629.34825,3832743.825,25.09,22.4728178212,-2.61718217883
340632.39275,3832752.44375,21.92,22.1391322683,0.219132268349
340633.916125,3832756.7525,22.37,21.5702359232,-0.799764076846
340635.48925,3832761.205,26.6,22.1616761109,-4.43832388905
340636.992875,3832765.46125,31.79,23.5413442171,-8.24865578293
340640.081375,3832774.2025,19.91,17.3795671343,-2.53043286568
340643.126125,3832782.82,13.81,21.1364055348,7.32640553483
340603.900875,3832680.13625,26.8,22.3083347626,-4.49166523744
340605.456875,3832684.5825,20.7,21.4430063406,0.743006340623
340606.934875,3832688.8025,24.1,21.5839875592,-2.51601244084
340608.442375,3832693.11125,22.39,19.0607877753,-3.3292122247
340611.386375,3832701.52,24.35,20.5761620746,-3.7738379254
340612.9255,3832705.915,26.35,22.3515481223,-3.99845187768
340614.522625,3832710.47875,13.88,20.8936357101,7.01363571007
340616.036375,3832714.8025,19.72,22.92983535,3.20983535003
340617.548,3832719.1225,30.62,23.2696442371,-7.35035576293
340622.01825,3832731.89,28.53,20.3381923154,-8.19180768464
340623.51475,3832736.1675,25.27,21.1321139993,-4.13788600071
340625.029875,3832740.49625,7.69,21.42184914,13.73184914
340626.547375,3832744.83,13.84,20.8883602466,7.04836024661
340628.077875,3832749.2025,17.98,22.5230642076,4.54306420762
340629.545,3832753.395,27.27,20.1299221178,-7.14007788219
340631.045875,3832757.68125,23.87,23.2617701627,-0.608229837288
340632.6275,3832762.2,23.95,22.3354463201,-1.61455367988
340634.108,3832766.42875,15.94,17.6724109596,1.73241095957
340635.585875,3832770.64875,19.36,19.4119623091,0.0519623091182
340638.673,3832779.4675,24.27,20.5487597803,-3.72124021968
340640.1695,3832783.7425,14.04,20.6106498956,6.57064989561
340600.827875,3832681.2025,28.0,19.7383729644,-8.26162703562
340602.39125,3832685.6525,14.17,21.9470285873,7.77702858729
340603.884875,3832689.905,15.55,21.6910593319,6.14105933186
340605.398375,3832694.2125,20.44,22.486760634,2.04676063399
340606.91175,3832698.52125,22.69,22.4260579447,-0.263942055279
340608.364625,3832702.655,24.53,20.9685299592,-3.56147004081
340609.915625,3832707.07125,15.94,21.9024339184,5.96243391836
340611.495875,3832711.5675,20.68,21.6133312516,0.933331251631
340613.004875,3832715.8625,22.53,19.9666701747,-2.56332982529
340616.065,3832724.57,28.14,22.5802532909,-5.55974670911
340619.016625,3832732.97375,28.92,23.5517977592,-5.36820224077
340620.501375,3832737.19875,26.08,22.1088848321,-3.97111516792
340622.017875,3832741.515,22.9,22.65148593,-0.248514070019
340625.0645,3832750.1875,20.81,23.5707432529,2.76074325292
340626.571125,3832754.47375,27.92,23.4143312004,-4.5056687996
340628.077625,3832758.75875,29.08,21.8857778204,-7.19422217957
340631.117,3832767.4125,16.93,22.5636235657,5.63362356573
340635.702875,3832780.4625,22.92,19.1690194741,-3.75098052585
340637.219875,3832784.78125,23.9,22.3105192054,-1.5894807946
340598.253625,3832681.97625,32.53,14.6381479498,-17.8918520502
340599.815125,3832686.42625,-9.42,19.8051284853,29.2251284853
340601.292,3832690.63375,23.26,22.3943127184,-0.865687281633
340604.326375,3832699.28125,29.01,21.7554415905,-7.25455840947
340607.30625,3832707.77,17.32,20.1488383271,2.82883832713
340608.901875,3832712.3175,20.08,21.387029274,1.30702927398
340610.409375,3832716.61375,24.62,20.1298436099,-4.49015639006
340613.475,3832725.35,30.7,17.7589294566,-12.9410705434
340614.98225,3832729.64875,3.59,21.3930899445,17.8030899445
340617.895625,3832737.95,19.42,17.7452399093,-1.67476009066
340619.404625,3832742.2475,5.95,21.2043721727,15.2543721727
340620.92975,3832746.59625,32.07,20.6678240384,-11.4021759616
340622.463625,3832750.9675,20.66,20.5783134489,-0.0816865510759
340625.440875,3832759.45,18.63,21.5910150352,2.96101503518
340627.013375,3832763.9325,28.56,18.7991559627,-9.76084403732
340628.515,3832768.21125,30.3,18.1693542722,-12.1306457278
340630.021375,3832772.50375,28.56,19.3868830088,-9.17311699122
340633.093,3832781.2575,22.0,20.4474952386,-1.55250476142
340634.603625,3832785.5575,21.75,20.8192174741,-0.930782525863
340618.14425,3832747.5375,10.43,19.1018056336,8.67180563357
340619.676,3832751.90375,5.98,20.4063215765,14.4263215765
340625.723,3832769.14375,23.22,21.3526322586,-1.86736774143
340627.228375,3832773.43375,26.28,21.4021634916,-4.87783650845
340628.788875,3832777.8825,26.36,19.5827467902,-6.7772532098
340630.301,3832782.19375,25.76,16.6421172889,-9.11788271114
