feature_name,row,range,gps_eastings_UTMzone17N,gps_northings_UTMzone17N,2016_07_13-14_Leaf_Necrosis,2016_07_13-14_vegetation_index,2016_08_05-08_vegetation_index,2016_07_13_BAP_Leaf_Area,2016_07_13_laser_plant_height,2016_07_light_interception,2016_08_light_interception,2016_09_light_interception,SF16h_HGT1_120,SF16h_HGT2_120,SF16h_HGT3_120,SF16h_TWT_120,SF16h_WTP_120,SF16h_WTL_120,SF16h_PAN1_120,SF16h_PAN2_120,SF16h_PAN3_120,SF16h_HGT_120_MEAN,SF16h_HGT_120_STD,SF16h_PAN_120_MEAN,SF16h_PAN_120_STD,ADF,AD_ICP,Adj_CP,aNDFom,Ash,Crude_protein,DCAD,Dry_Matter,EE_Fat,Lignin,NEG_OARDC,NEL3x_ADF,NEL3x_OARDC,NEM_OARDC,NFC,SPCP,Starch,TDN_OARDC,WSC_Sugar,Cellulose,Hemicellulose
row,1.0,-0.0166452245152,-0.824595641004,0.152409737579,-0.173799921243,-0.258498779574,-0.185357070318,-0.638130593145,-0.284510001541,0.122421855959,-0.233646521611,-0.103313383883,-0.290952062925,-0.277352943968,-0.28927562978,-0.294853042002,-0.117759776228,-0.290385204101,-0.106248610123,-0.119472531254,-0.112963751179,-0.288209076967,-0.109693438745,-0.113387679311,-0.0679415728984,-0.221614690808,-0.190226321277,-0.0625573209248,-0.207946824828,-0.129705989587,-0.0467748803768,-0.0475081547419,-0.192730013431,-0.181291668811,-0.239523031811,-0.11717525794,-0.169530030215,-0.16647431567,-0.14481461338,-0.137058167356,0.0325967037838,-0.143622132021,-0.157988172351,-0.129511031609,-0.207840365774,-0.183152933608
range,-0.0166452245152,1.0,0.579342097645,0.985635558446,-0.00440874737701,0.0492431422329,0.0137492456111,0.00125654380199,-0.0446969487641,-0.128888094526,-0.0900362554004,-0.0801434270654,-0.0665786402259,-0.0786576460738,-0.0842343111915,-0.0943221998243,-0.0411993555915,-0.0800817527893,-0.0678959667252,-0.054307741476,-0.0533388198461,-0.0771444932049,-0.061623516508,-0.058888185867,-0.0609861593437,0.0157851108627,0.0388371267073,0.0992124518546,0.0116575431608,-0.148572684731,0.0696986034819,-0.111057140552,0.0135994321649,0.0267922415065,-0.0448573159819,0.0680468189496,0.0321670888212,0.0317953729153,0.0544917988703,0.0303893547646,0.0187871338383,0.0372075220119,0.0362467403841,0.0311100133478,0.0272335480059,0.005679854114
gps_eastings_UTMzone17N,-0.824595641004,0.579342097645,1.0,0.433403674625,0.139521133242,0.238094814697,0.157042984357,0.521121478139,0.206591609912,-0.173488230521,0.138611278535,0.0396330558934,0.199620786182,0.181651654583,0.188285288697,0.18737088836,0.0723581626755,0.191776118956,0.0476085636901,0.0661025886928,0.0613430717786,0.191397944254,0.0547195762422,0.058538565185,0.0203489333104,0.189691744445,0.177114203577,0.107387304788,0.176236432855,0.0216808644891,0.0778787439643,-0.0241016526402,0.164930353204,0.163056396097,0.169912478488,0.134186265974,0.156539827996,0.153840536069,0.149030706187,0.128945590777,-0.0155787298465,0.138377554485,0.149443193515,0.123225635297,0.184950031552,0.152673630129
gps_northings_UTMzone17N,0.152409737579,0.985635558446,0.433403674625,1.0,-0.0337735381139,0.00561559087381,-0.0172039908202,-0.107446128052,-0.0922149113288,-0.106620677846,-0.128810950873,-0.0967940943361,-0.1145227552,-0.124147472346,-0.131711594829,-0.143449247441,-0.0595450671231,-0.128599130421,-0.0841254991722,-0.0728795354456,-0.0708361805073,-0.124500526664,-0.0797649908793,-0.076395637673,-0.0708024172606,-0.0223508755562,0.00579808982703,0.0864824651365,-0.0241298349254,-0.16906587684,0.0599413798464,-0.117901188444,-0.0195495372537,-0.00469226904544,-0.084906305889,0.0469741266561,0.00266322861279,0.00287472942178,0.0289302258393,0.00702716200124,0.0229892613512,0.0121748884283,0.00862856605671,0.00918188959586,-0.00876614769056,-0.0258559327952
2016_07_13-14_Leaf_Necrosis,-0.173799921243,-0.00440874737701,0.139521133242,-0.0337735381139,1.0,0.35238473562,0.282170020584,0.275153191289,0.436606403764,-0.0660616370832,0.179178370312,0.127053445246,0.0937396933825,0.100115454981,0.0906068895405,0.214668102692,-0.104630012646,0.217434140878,-0.138901540274,-0.137019420985,-0.134640128545,0.0956083946832,0.106457979922,-0.137533427001,-0.150637090313,0.222992085311,0.224187859714,0.270866083369,0.231227315526,0.181532311277,0.280120638321,0.102227442712,0.239998390294,0.246243090618,0.155692789406,0.244739202466,0.22826790717,0.24197019526,0.246406943318,0.139765113938,0.275479369137,0.23883939467,0.242035471783,0.110675726451,0.227493076261,0.23900673301
2016_07_13-14_vegetation_index,-0.258498779574,0.0492431422329,0.238094814697,0.00561559087381,0.35238473562,1.0,0.280450696781,0.252438060631,0.210876302921,-0.191590129358,-0.00372785036242,0.104022371157,0.0309080788097,0.0359413408246,0.0444857482713,0.041721525381,0.00768115874067,0.0491135890884,0.0101254921634,0.0113591082192,0.0146441418171,0.0374314755135,0.0226349508232,0.0120714961817,-0.0158801179307,0.102541468048,0.101479297151,0.0926591177784,0.0982082561996,0.0322172294973,0.0890135893655,-0.012926657122,0.0963338993712,0.104329201292,0.0486360578229,0.10445504467,0.108892573761,0.0997865673114,0.100161827239,0.0554272423683,0.0537663553892,0.106409110805,0.107186483566,0.0594575535618,0.108835836326,0.0959030697814
2016_08_05-08_vegetation_index,-0.185357070318,0.0137492456111,0.157042984357,-0.0172039908202,0.282170020584,0.280450696781,1.0,0.103634166262,0.347962205501,0.213938340378,0.375262752206,0.138541873842,0.21221990247,0.211028272362,0.217097434933,0.150549746396,0.0782212153979,0.154626275786,0.0821081970224,0.0809995635998,0.0847888807257,0.215214538997,0.102632367241,0.0830094420343,0.0503058223022,0.151145258453,0.157974633112,0.0348407351579,0.150759117403,0.143731508627,0.039061875178,0.0980067563268,0.17132154751,0.152420460227,0.173051698672,0.141798058864,0.142654154884,0.165404451575,0.153722620703,0.180487021134,0.0028455473671,0.14657210129,0.151375322837,0.1701623983,0.140898273188,0.147159939022
2016_07_13_BAP_Leaf_Area,-0.638130593145,0.00125654380199,0.521121478139,-0.107446128052,0.275153191289,0.252438060631,0.103634166262,1.0,0.545888223978,-0.169151227752,0.240675809477,0.233852129347,0.14267901329,0.132158250411,0.143265445692,0.298404732435,-0.144633552138,0.293580027055,-0.148855207513,-0.142970191923,-0.14666635598,0.140509955663,0.141661492229,-0.146875857861,-0.177470282092,0.290677827134,0.241322388162,0.276627609434,0.273559190525,0.140291177195,0.271878976545,0.0532120416045,0.245717530445,0.25793248948,0.195582383424,0.202493899874,0.235388235317,0.226558887429,0.219259298898,0.086995185675,0.225859655623,0.19031044979,0.231146127485,0.043368481164,0.296136321728,0.24564726429
2016_07_13_laser_plant_height,-0.284510001541,-0.0446969487641,0.206591609912,-0.0922149113288,0.436606403764,0.210876302921,0.347962205501,0.545888223978,1.0,0.166177120594,0.123366760953,0.431748017013,0.318978161967,0.314747724658,0.318366312348,0.269859676826,0.0759356489096,0.271924435996,0.0439464865185,0.0461055161587,0.0464043271794,0.319982711452,0.127214737223,0.0456862506711,-0.00176309522052,0.210530709595,0.206010240936,0.0719533775224,0.214261227094,0.174620370157,0.0849389237074,0.156813950602,0.240305125148,0.212424195828,0.247262307019,0.201487435079,0.195116641335,0.234233038339,0.218369870829,0.247719921464,0.0677095881529,0.207254233906,0.209186720856,0.232854376979,0.195065360065,0.214433825637
2016_07_light_interception,0.122421855959,-0.128888094526,-0.173488230521,-0.106620677846,-0.0660616370832,-0.191590129358,0.213938340378,-0.169151227752,0.166177120594,1.0,-0.0395521076532,0.293042990584,0.222042906226,0.23666257647,0.215561778768,0.124262278121,0.0776165579812,0.120705524267,0.0595770116629,0.0461774768134,0.0571972173019,0.226623013511,0.0914174659701,0.0545942739761,0.0730611489706,0.0147886738952,0.0119025531545,-0.112506357215,0.0231526401735,0.0809694068292,-0.0790986237952,0.104515792831,0.0496231247982,0.0168772324259,0.107697517227,0.0178430557735,-0.00255355608463,0.0439474295303,0.0295086661614,0.127783551006,-0.0187752057189,0.0360480658531,0.0145116677088,0.127665433416,-0.00353867743127,0.030726061928
2016_08_light_interception,-0.233646521611,-0.0900362554004,0.138611278535,-0.128810950873,0.179178370312,-0.00372785036242,0.375262752206,0.240675809477,0.123366760953,-0.0395521076532,1.0,-0.149437380288,0.210778878725,0.21151821174,0.206810482857,0.246896553698,0.0365126616669,0.242326068462,0.0195700506665,0.0158312661714,0.0161954048366,0.211433945198,0.135562835553,0.0173030693769,0.00979183669565,0.191189658607,0.175818073084,0.103760334192,0.193483066996,0.1776645354,0.100186192474,0.117947178735,0.193215018259,0.18297010954,0.198026372928,0.145283523452,0.169436063376,0.177857362494,0.164322059081,0.137581681133,0.0800271291749,0.129714883559,0.173263878213,0.109252901285,0.181756226873,0.188291753364
2016_09_light_interception,-0.103313383883,-0.0801434270654,0.0396330558934,-0.0967940943361,0.127053445246,0.104022371157,0.138541873842,0.233852129347,0.431748017013,0.293042990584,-0.149437380288,1.0,0.426516465333,0.424972433892,0.421005346144,0.374721495905,0.0934433468809,0.378606064097,-0.00372249560017,-0.00727760283511,-0.00247183191194,0.427665592134,0.174316192044,-0.00451913414964,-0.0262899941983,0.193777081879,0.204096560898,0.0518294150291,0.212883805183,0.210306615807,0.109731963589,0.219645353294,0.275278273204,0.230828819458,0.275439271229,0.260658450633,0.205489152799,0.283220165416,0.267829332941,0.349871602116,0.156269906588,0.278809509187,0.243919518567,0.341216335447,0.171433581885,0.233523193282
SF16h_HGT1_120,-0.290952062925,-0.0665786402259,0.199620786182,-0.1145227552,0.0937396933825,0.0309080788097,0.21221990247,0.14267901329,0.318978161967,0.222042906226,0.210778878725,0.426516465333,1.0,0.97757840098,0.973806793186,0.729174256675,0.538479131375,0.742113432736,0.444952471564,0.44546040081,0.448668669646,0.99188899139,0.446430800098,0.448464718877,0.409769425444,0.471614651577,0.504280370793,-0.023803881645,0.509370910653,0.482042376436,-0.0056250120192,0.457462393501,0.590245690584,0.487717431309,0.720866328371,0.458538288834,0.46322638302,0.566219619133,0.51159436056,0.704181650679,-0.0792688059871,0.495808624523,0.492325945356,0.682956316004,0.404996681593,0.535012534735
SF16h_HGT2_120,-0.277352943968,-0.0786576460738,0.181651654583,-0.124147472346,0.100115454981,0.0359413408246,0.211028272362,0.132158250411,0.314747724658,0.23666257647,0.21151821174,0.424972433892,0.97757840098,1.0,0.975143431885,0.724311985312,0.538847069004,0.737264934825,0.445696043426,0.447017142479,0.450394122121,0.992394683672,0.456645954921,0.449806648829,0.411533795476,0.469559368906,0.50008781089,-0.0260062120703,0.507815198027,0.484831866889,-0.00719535013103,0.465952451476,0.586880765894,0.483693440973,0.719517152812,0.451414019804,0.457289873085,0.561021476975,0.505688117359,0.697347852639,-0.0772731546916,0.490953464598,0.486151451271,0.673068729249,0.402837508115,0.533296258392
SF16h_HGT3_120,-0.28927562978,-0.0842343111915,0.188285288697,-0.131711594829,0.0906068895405,0.0444857482713,0.217097434933,0.143265445692,0.318366312348,0.215561778768,0.206810482857,0.421005346144,0.973806793186,0.975143431885,1.0,0.731825011813,0.534791382412,0.743671780416,0.447999009636,0.447019467281,0.45014632184,0.991124950683,0.43323894726,0.450512389147,0.40479366806,0.470123107149,0.501044240554,-0.0224284877353,0.507083811269,0.482784145995,-0.00355132621337,0.458576112417,0.585361489358,0.484318760828,0.717716302617,0.450808135944,0.459913077613,0.559533852526,0.50447516058,0.693032288888,-0.076760668956,0.489765128438,0.48660092608,0.667837961524,0.403800719452,0.531730412415
SF16h_TWT_120,-0.294853042002,-0.0943221998243,0.18737088836,-0.143449247441,0.214668102692,0.041721525381,0.150549746396,0.298404732435,0.269859676826,0.124262278121,0.246896553698,0.374721495905,0.729174256675,0.724311985312,0.731825011813,1.0,0.134109911377,0.997247805258,0.014584274589,0.0162341555755,0.015433460583,0.734454605123,0.493331737216,0.0154850481118,0.00165927255365,0.673629104442,0.704105453432,0.427075112011,0.707965718763,0.579072933458,0.44395429256,0.434703799547,0.765650947538,0.718584212539,0.723701433871,0.688266025865,0.700339176927,0.751880093256,0.722283228149,0.666509893634,0.337101382542,0.654048129372,0.723495506115,0.592181721933,0.637663231678,0.736405119965
SF16h_WTP_120,-0.117759776228,-0.0411993555915,0.0723581626755,-0.0595450671231,-0.104630012646,0.00768115874067,0.0782212153979,-0.144633552138,0.0759356489096,0.0776165579812,0.0365126616669,0.0934433468809,0.538479131375,0.538847069004,0.534791382412,0.134109911377,1.0,0.147362997485,0.866067936495,0.870304014309,0.867831131946,0.541811923197,0.0171524050451,0.872193653263,0.820541061411,0.0661598000808,0.162213356421,-0.282624694499,0.0934257792607,0.176084992797,-0.286506646924,0.205413662694,0.182684635513,0.106170358281,0.300122014869,0.14304343069,0.117888776999,0.189807135229,0.165844025303,0.438547659486,-0.382008645319,0.19629659435,0.124183973428,0.500729852813,0.0197860182851,0.116451293051
SF16h_WTL_120,-0.290385204101,-0.0800817527893,0.191776118956,-0.128599130421,0.217434140878,0.0491135890884,0.154626275786,0.293580027055,0.271924435996,0.120705524267,0.242326068462,0.378606064097,0.742113432736,0.737264934825,0.743671780416,0.997247805258,0.147362997485,1.0,0.0185991308185,0.0205452698507,0.0195094280795,0.74713754841,0.495676817906,0.0196382800359,0.00929527911088,0.679900009195,0.71699594245,0.43393584448,0.716243823676,0.583249771523,0.451356580881,0.438261275775,0.779159540755,0.730820940849,0.730640060963,0.708264061704,0.713679127487,0.768792437502,0.740742709958,0.687676544412,0.340040957883,0.674920486483,0.73921422408,0.616651983512,0.643744508411,0.747653312694
SF16h_PAN1_120,-0.106248610123,-0.0678959667252,0.0476085636901,-0.0841254991722,-0.138901540274,0.0101254921634,0.0821081970224,-0.148855207513,0.0439464865185,0.0595770116629,0.0195700506665,-0.00372249560017,0.444952471564,0.445696043426,0.447999009636,0.014584274589,0.866067936495,0.0185991308185,1.0,0.987043862554,0.984105401623,0.449906320163,-0.000380931389883,0.995207610057,0.906233110154,0.161686210226,0.198484765428,-0.24176883528,0.167379125771,0.219240953504,-0.287391649104,0.204848613205,0.17990579988,0.128783657084,0.330589817071,0.0557956216894,0.124643829973,0.143613767198,0.102075441541,0.26824065516,-0.464405377767,0.0931619120923,0.102033813133,0.295502711011,0.121556867503,0.150541350186
SF16h_PAN2_120,-0.119472531254,-0.054307741476,0.0661025886928,-0.0728795354456,-0.137019420985,0.0113591082192,0.0809995635998,-0.142970191923,0.0461055161587,0.0461774768134,0.0158312661714,-0.00727760283511,0.44546040081,0.447017142479,0.447019467281,0.0162341555755,0.870304014309,0.0205452698507,0.987043862554,1.0,0.986232982133,0.45019166983,-0.00789070920477,0.99581895506,0.885345423771,0.158877225169,0.199538731562,-0.243266534914,0.165727037153,0.218161178955,-0.288830102626,0.20604167281,0.180152597407,0.128688331407,0.330330915498,0.0584695947403,0.124803245482,0.145173851748,0.10441211698,0.274982331769,-0.46875273597,0.09327391249,0.102705511983,0.303468830394,0.118449053772,0.151008243003
SF16h_PAN3_120,-0.112963751179,-0.0533388198461,0.0613430717786,-0.0708361805073,-0.134640128545,0.0146441418171,0.0847888807257,-0.14666635598,0.0464043271794,0.0571972173019,0.0161954048366,-0.00247183191194,0.448668669646,0.450394122121,0.45014632184,0.015433460583,0.867831131946,0.0195094280795,0.984105401623,0.986232982133,1.0,0.453455901608,6.63927249592e-05,0.994731761125,0.874242409129,0.161130538586,0.199487583076,-0.241988949137,0.166585066782,0.212885918586,-0.28630847947,0.197328642522,0.179996474301,0.128302029714,0.330193301926,0.0585428720251,0.123839727695,0.145090511157,0.104166002938,0.27104966719,-0.465767795727,0.0961764302832,0.102686151791,0.302710240858,0.121014854445,0.149930723769
SF16h_HGT_120_MEAN,-0.288209076967,-0.0771444932049,0.191397944254,-0.124500526664,0.0956083946832,0.0374314755135,0.215214538997,0.140509955663,0.319982711452,0.226623013511,0.211433945198,0.427665592134,0.99188899139,0.992394683672,0.991124950683,0.734454605123,0.541811923197,0.74713754841,0.449906320163,0.45019166983,0.453455901608,1.0,0.449121511246,0.453312935492,0.412075403034,0.474317603057,0.505945584841,-0.0242797551734,0.512286414389,0.487216269588,-0.00550252795021,0.464479591723,0.592345420296,0.489247839007,0.725308872998,0.457324254051,0.463938555846,0.566896351053,0.511435038183,0.703944468287,-0.0784068791787,0.496235265027,0.492386388336,0.680178147346,0.407213553761,0.537750823742
SF16h_HGT_120_STD,-0.109693438745,-0.061623516508,0.0547195762422,-0.0797649908793,0.106457979922,0.0226349508232,0.102632367241,0.141661492229,0.127214737223,0.0914174659701,0.135562835553,0.174316192044,0.446430800098,0.456645954921,0.43323894726,0.493331737216,0.0171524050451,0.495676817906,-0.000380931389883,-0.00789070920477,6.63927249592e-05,0.449121511246,1.0,-0.00274922211414,0.0309872274624,0.386772313724,0.389078322379,0.2115856593,0.412260149558,0.346558844682,0.212583590598,0.317269374239,0.436110196347,0.399692121235,0.44174992844,0.368647162654,0.38498270093,0.420795933912,0.394680603411,0.372141664965,0.155846423711,0.338073604491,0.402734389463,0.308937913095,0.360776508842,0.429333186677
SF16h_PAN_120_MEAN,-0.113387679311,-0.058888185867,0.058538565185,-0.076395637673,-0.137533427001,0.0120714961817,0.0830094420343,-0.146875857861,0.0456862506711,0.0545942739761,0.0173030693769,-0.00451913414964,0.448464718877,0.449806648829,0.450512389147,0.0154850481118,0.872193653263,0.0196382800359,0.995207610057,0.99581895506,0.994731761125,0.453312935492,-0.00274922211414,1.0,0.893049833229,0.16133422294,0.200113226441,-0.24349494451,0.16736314596,0.217836379986,-0.288887146294,0.203753328208,0.180875806329,0.129207397113,0.331948785557,0.0578593199962,0.125027128453,0.145305787754,0.104031072524,0.272698802674,-0.468521920502,0.0946340871913,0.102959382067,0.301946006131,0.120918056579,0.151214589534
SF16h_PAN_120_STD,-0.0679415728984,-0.0609861593437,0.0203489333104,-0.0708024172606,-0.150637090313,-0.0158801179307,0.0503058223022,-0.177470282092,-0.00176309522052,0.0730611489706,0.00979183669565,-0.0262899941983,0.409769425444,0.411533795476,0.40479366806,0.00165927255365,0.820541061411,0.00929527911088,0.906233110154,0.885345423771,0.874242409129,0.412075403034,0.0309872274624,0.893049833229,1.0,0.140212188078,0.181752540436,-0.221331349117,0.150902532018,0.200914377374,-0.261058955321,0.203799467721,0.170795996817,0.120617574482,0.3033131267,0.0681147445891,0.119602318196,0.143517085426,0.108246475876,0.271891783631,-0.41507208844,0.0948122848313,0.102298050822,0.294670694902,0.102514430402,0.143000071465
ADF,-0.221614690808,0.0157851108627,0.189691744445,-0.0223508755562,0.222992085311,0.102541468048,0.151145258453,0.290677827134,0.210530709595,0.0147886738952,0.191189658607,0.193777081879,0.471614651577,0.469559368906,0.470123107149,0.673629104442,0.0661598000808,0.679900009195,0.161686210226,0.158877225169,0.161130538586,0.474317603057,0.386772313724,0.16133422294,0.140212188078,1.0,0.962698280805,0.759673155157,0.990307314791,0.674900200622,0.679822539604,0.356001430612,0.929157055482,0.955585227235,0.811520653624,0.780827124682,0.925575110971,0.87274460179,0.83717855961,0.497996258107,0.340335818391,0.656954467878,0.900966604446,0.378521260209,0.993616979479,0.944563959812
AD_ICP,-0.190226321277,0.0388371267073,0.177114203577,0.00579808982703,0.224187859714,0.101479297151,0.157974633112,0.241322388162,0.206010240936,0.0119025531545,0.175818073084,0.204096560898,0.504280370793,0.50008781089,0.501044240554,0.704105453432,0.162213356421,0.71699594245,0.198484765428,0.199538731562,0.199487583076,0.505945584841,0.389078322379,0.200113226441,0.181752540436,0.962698280805,1.0,0.762823249235,0.976486142257,0.721026720315,0.712547322656,0.426260252013,0.979604532765,0.989802590292,0.82447501801,0.892509300358,0.968936864979,0.953899723022,0.934708736466,0.66675300622,0.385432616279,0.774980821918,0.963067247211,0.565067111143,0.950316886955,0.969984952229
Adj_CP,-0.0625573209248,0.0992124518546,0.107387304788,0.0864824651365,0.270866083369,0.0926591177784,0.0348407351579,0.276627609434,0.0719533775224,-0.112506357215,0.103760334192,0.0518294150291,-0.023803881645,-0.0260062120703,-0.0224284877353,0.427075112011,-0.282624694499,0.43393584448,-0.24176883528,-0.243266534914,-0.241988949137,-0.0242797551734,0.2115856593,-0.24349494451,-0.221331349117,0.759673155157,0.762823249235,1.0,0.748977664333,0.380746199062,0.946917826499,0.13328303646,0.70730145068,0.790623860492,0.375924924996,0.750806553045,0.78048427197,0.714263041656,0.745098795716,0.255649519671,0.703441741503,0.604540351706,0.775823201641,0.154132617702,0.803111819911,0.726159852574
aNDFom,-0.207946824828,0.0116575431608,0.176236432855,-0.0241298349254,0.231227315526,0.0982082561996,0.150759117403,0.273559190525,0.214261227094,0.0231526401735,0.193483066996,0.212883805183,0.509370910653,0.507815198027,0.507083811269,0.707965718763,0.0934257792607,0.716243823676,0.167379125771,0.165727037153,0.166585066782,0.512286414389,0.412260149558,0.16736314596,0.150902532018,0.990307314791,0.976486142257,0.748977664333,1.0,0.723683770434,0.683948544473,0.453417595698,0.961703970823,0.976094244307,0.840360603174,0.825364807017,0.948025997656,0.913980173529,0.879010091671,0.575473336547,0.363783505819,0.684304127594,0.933210934978,0.448135035326,0.977804377891,0.97922818512
Ash,-0.129705989587,-0.148572684731,0.0216808644891,-0.16906587684,0.181532311277,0.0322172294973,0.143731508627,0.140291177195,0.174620370157,0.0809694068292,0.1776645354,0.210306615807,0.482042376436,0.484831866889,0.482784145995,0.579072933458,0.176084992797,0.583249771523,0.219240953504,0.218161178955,0.212885918586,0.487216269588,0.346558844682,0.217836379986,0.200914377374,0.674900200622,0.721026720315,0.380746199062,0.723683770434,1.0,0.433938901429,0.694555133863,0.765136468212,0.729011784963,0.783713963693,0.584918728711,0.652668635181,0.70573027347,0.662756328315,0.622365826237,0.314097039844,0.545175342634,0.65139865247,0.477246126728,0.627111629565,0.767997762378
Crude_protein,-0.0467748803768,0.0696986034819,0.0778787439643,0.0599413798464,0.280120638321,0.0890135893655,0.039061875178,0.271878976545,0.0849389237074,-0.0790986237952,0.100186192474,0.109731963589,-0.0056250120192,-0.00719535013103,-0.00355132621337,0.44395429256,-0.286506646924,0.451356580881,-0.287391649104,-0.288830102626,-0.28630847947,-0.00550252795021,0.212583590598,-0.288887146294,-0.261058955321,0.679822539604,0.712547322656,0.946917826499,0.683948544473,0.433938901429,1.0,0.232130857555,0.691029577693,0.754831537728,0.328366777368,0.776055995206,0.722985127103,0.71902970201,0.760643453057,0.337501034342,0.856488923374,0.650723168034,0.740711373759,0.219879001827,0.721909137794,0.692312691142
DCAD,-0.0475081547419,-0.111057140552,-0.0241016526402,-0.117901188444,0.102227442712,-0.012926657122,0.0980067563268,0.0532120416045,0.156813950602,0.104515792831,0.117947178735,0.219645353294,0.457462393501,0.465952451476,0.458576112417,0.434703799547,0.205413662694,0.438261275775,0.204848613205,0.20604167281,0.197328642522,0.464479591723,0.317269374239,0.203753328208,0.203799467721,0.356001430612,0.426260252013,0.13328303646,0.453417595698,0.694555133863,0.232130857555,1.0,0.543850996093,0.470220883718,0.533820007273,0.463852630446,0.426589572189,0.536647465368,0.499021158741,0.614367784325,0.233803284397,0.267287695753,0.464560125125,0.445180215977,0.310629926924,0.556336842081
Dry_Matter,-0.192730013431,0.0135994321649,0.164930353204,-0.0195495372537,0.239998390294,0.0963338993712,0.17132154751,0.245717530445,0.240305125148,0.0496231247982,0.193215018259,0.275278273204,0.590245690584,0.586880765894,0.585361489358,0.765650947538,0.182684635513,0.779159540755,0.17990579988,0.180152597407,0.179996474301,0.592345420296,0.436110196347,0.180875806329,0.170795996817,0.929157055482,0.979604532765,0.70730145068,0.961703970823,0.765136468212,0.691029577693,0.543850996093,1.0,0.985400074544,0.852255675206,0.922953232288,0.959474887367,0.98479371789,0.963205529669,0.764708058066,0.432150685755,0.807004693578,0.971898117689,0.65424834439,0.907378583825,0.980561667445
EE_Fat,-0.181291668811,0.0267922415065,0.163056396097,-0.00469226904544,0.246243090618,0.104329201292,0.152420460227,0.25793248948,0.212424195828,0.0168772324259,0.18297010954,0.230828819458,0.487717431309,0.483693440973,0.484318760828,0.718584212539,0.106170358281,0.730820940849,0.128783657084,0.128688331407,0.128302029714,0.489247839007,0.399692121235,0.129207397113,0.120617574482,0.955585227235,0.989802590292,0.790623860492,0.976094244307,0.729011784963,0.754831537728,0.470220883718,0.985400074544,1.0,0.800763449509,0.91705703163,0.979350175294,0.968309742476,0.951506888841,0.673098060769,0.464201441271,0.765372853772,0.979661669277,0.55726190646,0.947199923213,0.980328049642
Lignin,-0.239523031811,-0.0448573159819,0.169912478488,-0.084906305889,0.155692789406,0.0486360578229,0.173051698672,0.195582383424,0.247262307019,0.107697517227,0.198026372928,0.275439271229,0.720866328371,0.719517152812,0.717716302617,0.723701433871,0.300122014869,0.730640060963,0.330589817071,0.330330915498,0.330193301926,0.725308872998,0.44174992844,0.331948785557,0.3033131267,0.811520653624,0.82447501801,0.375924924996,0.840360603174,0.783713963693,0.328366777368,0.533820007273,0.852255675206,0.800763449509,1.0,0.627448860528,0.762535953011,0.774438132169,0.712363017302,0.679861900844,0.108951319077,0.613959826083,0.753694548026,0.572345921248,0.740649113286,0.840780982496
NEG_OARDC,-0.11717525794,0.0680468189496,0.134186265974,0.0469741266561,0.244739202466,0.10445504467,0.141798058864,0.202493899874,0.201487435079,0.0178430557735,0.145283523452,0.260658450633,0.458538288834,0.451414019804,0.450808135944,0.688266025865,0.14304343069,0.708264061704,0.0557956216894,0.0584695947403,0.0585428720251,0.457324254051,0.368647162654,0.0578593199962,0.0681147445891,0.780827124682,0.892509300358,0.750806553045,0.825364807017,0.584918728711,0.776055995206,0.463852630446,0.922953232288,0.91705703163,0.627448860528,1.0,0.917558074134,0.973383731172,0.990573944875,0.798864949414,0.575230359911,0.85458733329,0.958937904843,0.728655976089,0.782693188317,0.878014294488
NEL3x_ADF,-0.169530030215,0.0321670888212,0.156539827996,0.00266322861279,0.22826790717,0.108892573761,0.142654154884,0.235388235317,0.195116641335,-0.00255355608463,0.169436063376,0.205489152799,0.46322638302,0.457289873085,0.459913077613,0.700339176927,0.117888776999,0.713679127487,0.124643829973,0.124803245482,0.123839727695,0.463938555846,0.38498270093,0.125027128453,0.119602318196,0.925575110971,0.968936864979,0.78048427197,0.948025997656,0.652668635181,0.722985127103,0.426589572189,0.959474887367,0.979350175294,0.762535953011,0.917558074134,1.0,0.954305028281,0.93858318244,0.661855119878,0.40566514996,0.735566909079,0.988129576027,0.555029624077,0.920271089272,0.959764655729
NEL3x_OARDC,-0.16647431567,0.0317953729153,0.153840536069,0.00287472942178,0.24197019526,0.0997865673114,0.165404451575,0.226558887429,0.234233038339,0.0439474295303,0.177857362494,0.283220165416,0.566219619133,0.561021476975,0.559533852526,0.751880093256,0.189807135229,0.768792437502,0.143613767198,0.145173851748,0.145090511157,0.566896351053,0.420795933912,0.145305787754,0.143517085426,0.87274460179,0.953899723022,0.714263041656,0.913980173529,0.70573027347,0.71902970201,0.536647465368,0.98479371789,0.968309742476,0.774438132169,0.973383731172,0.954305028281,1.0,0.993325112595,0.814029136453,0.484660405213,0.840552791503,0.981533736298,0.720990155951,0.858820320098,0.951814546618
NEM_OARDC,-0.14481461338,0.0544917988703,0.149030706187,0.0289302258393,0.246406943318,0.100161827239,0.153722620703,0.219259298898,0.218369870829,0.0295086661614,0.164322059081,0.267829332941,0.51159436056,0.505688117359,0.50447516058,0.722283228149,0.165844025303,0.740742709958,0.102075441541,0.10441211698,0.104166002938,0.511435038183,0.394680603411,0.104031072524,0.108246475876,0.83717855961,0.934708736466,0.745098795716,0.879010091671,0.662756328315,0.760643453057,0.499021158741,0.963205529669,0.951506888841,0.712363017302,0.990573944875,0.93858318244,0.993325112595,1.0,0.812754438186,0.541978572839,0.859921819018,0.972773884853,0.728054031761,0.830464215542,0.922821638091
NFC,-0.137058167356,0.0303893547646,0.128945590777,0.00702716200124,0.139765113938,0.0554272423683,0.180487021134,0.086995185675,0.247719921464,0.127783551006,0.137581681133,0.349871602116,0.704181650679,0.697347852639,0.693032288888,0.666509893634,0.438547659486,0.687676544412,0.26824065516,0.274982331769,0.27104966719,0.703944468287,0.372141664965,0.272698802674,0.271891783631,0.497996258107,0.66675300622,0.255649519671,0.575473336547,0.622365826237,0.337501034342,0.614367784325,0.764708058066,0.673098060769,0.679861900844,0.798864949414,0.661855119878,0.814029136453,0.812754438186,1.0,0.271731320888,0.742570679559,0.722319974313,0.955268594346,0.448050524266,0.674838455503
SPCP,0.0325967037838,0.0187871338383,-0.0155787298465,0.0229892613512,0.275479369137,0.0537663553892,0.0028455473671,0.225859655623,0.0677095881529,-0.0187752057189,0.0800271291749,0.156269906588,-0.0792688059871,-0.0772731546916,-0.076760668956,0.337101382542,-0.382008645319,0.340040957883,-0.464405377767,-0.46875273597,-0.465767795727,-0.0784068791787,0.155846423711,-0.468521920502,-0.41507208844,0.340335818391,0.385432616279,0.703441741503,0.363783505819,0.314097039844,0.856488923374,0.233803284397,0.432150685755,0.464201441271,0.108951319077,0.575230359911,0.40566514996,0.484660405213,0.541978572839,0.271731320888,1.0,0.517878614047,0.461562490861,0.158927400646,0.374822153882,0.413374174135
Starch,-0.143622132021,0.0372075220119,0.138377554485,0.0121748884283,0.23883939467,0.106409110805,0.14657210129,0.19031044979,0.207254233906,0.0360480658531,0.129714883559,0.278809509187,0.495808624523,0.490953464598,0.489765128438,0.654048129372,0.19629659435,0.674920486483,0.0931619120923,0.09327391249,0.0961764302832,0.496235265027,0.338073604491,0.0946340871913,0.0948122848313,0.656954467878,0.774980821918,0.604540351706,0.684304127594,0.545175342634,0.650723168034,0.267287695753,0.807004693578,0.765372853772,0.613959826083,0.85458733329,0.735566909079,0.840552791503,0.859921819018,0.742570679559,0.517878614047,1.0,0.790944731897,0.747755309732,0.641950371787,0.715980006691
TDN_OARDC,-0.157988172351,0.0362467403841,0.149443193515,0.00862856605671,0.242035471783,0.107186483566,0.151375322837,0.231146127485,0.209186720856,0.0145116677088,0.173263878213,0.243919518567,0.492325945356,0.486151451271,0.48660092608,0.723495506115,0.124183973428,0.73921422408,0.102033813133,0.102705511983,0.102686151791,0.492386388336,0.402734389463,0.102959382067,0.102298050822,0.900966604446,0.963067247211,0.775823201641,0.933210934978,0.65139865247,0.740711373759,0.464560125125,0.971898117689,0.979661669277,0.753694548026,0.958937904843,0.988129576027,0.981533736298,0.972773884853,0.722319974313,0.461562490861,0.790944731897,1.0,0.629280615605,0.894565261345,0.958258342321
WSC_Sugar,-0.129511031609,0.0311100133478,0.123225635297,0.00918188959586,0.110675726451,0.0594575535618,0.1701623983,0.043368481164,0.232854376979,0.127665433416,0.109252901285,0.341216335447,0.682956316004,0.673068729249,0.667837961524,0.592181721933,0.500729852813,0.616651983512,0.295502711011,0.303468830394,0.302710240858,0.680178147346,0.308937913095,0.301946006131,0.294670694902,0.378521260209,0.565067111143,0.154132617702,0.448135035326,0.477246126728,0.219879001827,0.445180215977,0.65424834439,0.55726190646,0.572345921248,0.728655976089,0.555029624077,0.720990155951,0.728054031761,0.955268594346,0.158927400646,0.747755309732,0.629280615605,1.0,0.331468328493,0.540241042413
Cellulose,-0.207840365774,0.0272335480059,0.184950031552,-0.00876614769056,0.227493076261,0.108835836326,0.140898273188,0.296136321728,0.195065360065,-0.00353867743127,0.181756226873,0.171433581885,0.404996681593,0.402837508115,0.403800719452,0.637663231678,0.0197860182851,0.643744508411,0.121556867503,0.118449053772,0.121014854445,0.407213553761,0.360776508842,0.120918056579,0.102514430402,0.993616979479,0.950316886955,0.803111819911,0.977804377891,0.627111629565,0.721909137794,0.310629926924,0.907378583825,0.947199923213,0.740649113286,0.782693188317,0.920271089272,0.858820320098,0.830464215542,0.448050524266,0.374822153882,0.641950371787,0.894565261345,0.331468328493,1.0,0.926570480108
Hemicellulose,-0.183152933608,0.005679854114,0.152673630129,-0.0258559327952,0.23900673301,0.0959030697814,0.147159939022,0.24564726429,0.214433825637,0.030726061928,0.188291753364,0.233523193282,0.535012534735,0.533296258392,0.531730412415,0.736405119965,0.116451293051,0.747653312694,0.150541350186,0.151008243003,0.149930723769,0.537750823742,0.429333186677,0.151214589534,0.143000071465,0.944563959812,0.969984952229,0.726159852574,0.97922818512,0.767997762378,0.692312691142,0.556336842081,0.980561667445,0.980328049642,0.840780982496,0.878014294488,0.959764655729,0.951814546618,0.922821638091,0.674838455503,0.413374174135,0.715980006691,0.958258342321,0.540241042413,0.926570480108,1.0
